               Entry              Nevents                           Time                    Temperature                         Energy                  O*                  CO*                  O2*                   O2                   CO                  CO2
                   1                    0         0.0000000000000000E+00         4.2300000000000000E+02        -5.5295999999999999E+01                   0                    0                    0                    0                    0                    0
                   2              1419567         1.0000000000000000E+00         4.2300000000000000E+02        -3.9052272999996526E+03                1094                 1841                    0                 -628                -2003                  162
                   3              1656888         2.0000000000000000E+00         4.2300000000000000E+02        -3.9703160999996903E+03                1034                 1930                    0                 -665                -2226                  296
                   4              1913954         3.0000000000000000E+00         4.2300000000000000E+02        -3.9917326999997517E+03                 965                 1999                    1                 -705                -2442                  443
                   5              2228422         4.0000000000000000E+00         4.2300000000000000E+02        -3.9992487999997888E+03                 899                 2047                    0                 -748                -2644                  597
                   6              2479045         5.0000000000000000E+00         4.2300000000000000E+02        -4.0199069999998624E+03                 834                 2110                    0                 -780                -2836                  726
                   7              2709754         6.0000000000000000E+00         4.2300000000000000E+02        -4.0656846999998766E+03                 769                 2185                    0                 -809                -3034                  849
                   8              2892908         7.0000000000000000E+00         4.2300000000000000E+02        -4.0863264999998992E+03                 717                 2237                    0                 -837                -3194                  957
                   9              3123290         8.0000000000000000E+00         4.2300000000000000E+02        -4.0853410000016220E+03                 678                 2264                    0                 -879                -3344                 1080
                  10              3320845         9.0000000000000000E+00         4.2300000000000000E+02        -4.1108911000048038E+03                 640                 2308                    1                 -918                -3502                 1194
                  11              3494705         1.0000000000000000E+01         4.2300000000000000E+02        -4.1043148000064657E+03                 604                 2329                    0                 -951                -3627                 1298
                  12              3693745         1.1000000000000000E+01         4.2300000000000000E+02        -4.1356239000078658E+03                 574                 2372                    0                 -987                -3772                 1400
                  13              3865780         1.2000000000000000E+01         4.2300000000000000E+02        -4.1263144000078410E+03                 549                 2384                    0                -1018                -3871                 1487
                  14              4003135         1.3000000000000000E+01         4.2300000000000000E+02        -4.1570487000079993E+03                 529                 2422                    0                -1046                -3985                 1563
                  15              4183168         1.4000000000000000E+01         4.2300000000000000E+02        -4.1431297000079030E+03                 506                 2425                    0                -1080                -4079                 1654
                  16              4327855         1.5000000000000000E+01         4.2300000000000000E+02        -4.1466065000078561E+03                 485                 2443                    1                -1110                -4176                 1733
                  17              4461637         1.6000000000000000E+01         4.2300000000000000E+02        -4.1601303000079524E+03                 452                 2477                    0                -1134                -4293                 1816
                  18              4589543         1.7000000000000000E+01         4.2300000000000000E+02        -4.1685896000080438E+03                 439                 2493                    0                -1161                -4376                 1883
                  19              4727537         1.8000000000000000E+01         4.2300000000000000E+02        -4.1478852000079405E+03                 448                 2472                    0                -1203                -4430                 1958
                  20              4892629         1.9000000000000000E+01         4.2300000000000000E+02        -4.1853122000080493E+03                 428                 2510                    1                -1239                -4558                 2048
                  21              5041192         2.0000000000000000E+01         4.2300000000000000E+02        -4.1816878000079550E+03                 397                 2531                    1                -1265                -4662                 2131
                  22              5198651         2.1000000000000000E+01         4.2300000000000000E+02        -4.1748740000078906E+03                 393                 2527                    0                -1299                -4732                 2205
                  23              5341868         2.2000000000000000E+01         4.2300000000000000E+02        -4.2018228000080144E+03                 386                 2552                    0                -1334                -4834                 2282
                  24              5502711         2.3000000000000000E+01         4.2300000000000000E+02        -4.1880137000079703E+03                 379                 2545                    0                -1368                -4902                 2357
                  25              5601842         2.4000000000000000E+01         4.2300000000000000E+02        -4.2067971000080042E+03                 375                 2564                    0                -1390                -4969                 2405
                  26              5713633         2.5000000000000000E+01         4.2300000000000000E+02        -4.1882172000080773E+03                 369                 2552                    1                -1420                -5021                 2469
                  27              5843039         2.6000000000000000E+01         4.2300000000000000E+02        -4.1988583000079516E+03                 374                 2560                    1                -1458                -5100                 2540
                  28              5984010         2.7000000000000000E+01         4.2300000000000000E+02        -4.1809520000080474E+03                 359                 2554                    0                -1487                -5169                 2615
                  29              6077654         2.8000000000000000E+01         4.2300000000000000E+02        -4.2161379000080169E+03                 352                 2584                    0                -1512                -5256                 2672
                  30              6223128         2.9000000000000000E+01         4.2300000000000000E+02        -4.2098442000079704E+03                 325                 2598                    1                -1540                -5351                 2753
                  31              6344007         3.0000000000000000E+01         4.2300000000000000E+02        -4.1976711000081150E+03                 323                 2591                    0                -1571                -5410                 2819
                  32              6487576         3.1000000000000000E+01         4.2300000000000000E+02        -4.2192634000081443E+03                 315                 2613                    0                -1606                -5510                 2897
                  33              6593535         3.2000000000000000E+01         4.2300000000000000E+02        -4.2276349000080390E+03                 301                 2630                    0                -1630                -5589                 2959
                  34              6694493         3.3000000000000000E+01         4.2300000000000000E+02        -4.2288666000080411E+03                 301                 2629                    0                -1655                -5638                 3009
                  35              6770385         3.4000000000000000E+01         4.2300000000000000E+02        -4.2241861000080726E+03                 297                 2627                    0                -1672                -5674                 3047
                  36              6850228         3.5000000000000000E+01         4.2300000000000000E+02        -4.2176878000080369E+03                 296                 2627                    0                -1696                -5723                 3096
                  37              6943594         3.6000000000000000E+01         4.2300000000000000E+02        -4.2103849000080754E+03                 292                 2624                    1                -1724                -5778                 3154
                  38              7056236         3.7000000000000000E+01         4.2300000000000000E+02        -4.2134043000080064E+03                 293                 2624                    0                -1756                -5843                 3219
                  39              7137924         3.8000000000000000E+01         4.2300000000000000E+02        -4.2007138000080622E+03                 291                 2618                    0                -1777                -5881                 3263
                  40              7231645         3.9000000000000000E+01         4.2300000000000000E+02        -4.2175996000081504E+03                 295                 2628                    0                -1806                -5945                 3317
                  41              7334461         4.0000000000000000E+01         4.2300000000000000E+02        -4.2219222000081372E+03                 299                 2625                    0                -1839                -6004                 3379
                  42              7413629         4.1000000000000000E+01         4.2300000000000000E+02        -4.1958100000080785E+03                 303                 2604                    0                -1866                -6033                 3429
                  43              7498241         4.2000000000000000E+01         4.2300000000000000E+02        -4.2227838000081756E+03                 296                 2631                    0                -1885                -6105                 3474
                  44              7600190         4.3000000000000000E+01         4.2300000000000000E+02        -4.2265198000081182E+03                 299                 2630                    0                -1915                -6161                 3531
                  45              7671747         4.4000000000000000E+01         4.2300000000000000E+02        -4.2303887000080749E+03                 303                 2629                    0                -1943                -6212                 3583
                  46              7743867         4.5000000000000000E+01         4.2300000000000000E+02        -4.1984563000080752E+03                 292                 2614                    0                -1961                -6244                 3630
                  47              7880726         4.6000000000000000E+01         4.2300000000000000E+02        -4.2072065000082630E+03                 277                 2630                    0                -1986                -6325                 3695
                  48              7955042         4.7000000000000000E+01         4.2300000000000000E+02        -4.2131030000081792E+03                 293                 2624                    0                -2015                -6361                 3737
                  49              8040978         4.8000000000000000E+01         4.2300000000000000E+02        -4.2323020000081833E+03                 296                 2637                    1                -2042                -6423                 3786
                  50              8160572         4.9000000000000000E+01         4.2300000000000000E+02        -4.1879120000081839E+03                 293                 2605                    1                -2070                -6450                 3845
                  51              8267999         5.0000000000000000E+01         4.2300000000000000E+02        -4.2183016000081725E+03                 283                 2635                    0                -2092                -6536                 3901
                  52              8388231         5.1000000000000000E+01         4.2300000000000000E+02        -4.2239584000080877E+03                 291                 2635                    0                -2124                -6592                 3957
                  53              8467958         5.2000000000000000E+01         4.2300000000000000E+02        -4.1907932000081291E+03                 296                 2605                    0                -2150                -6609                 4004
                  54              8582075         5.3000000000000000E+01         4.2300000000000000E+02        -4.1984323000082477E+03                 295                 2611                    0                -2178                -6672                 4061
                  55              8679021         5.4000000000000000E+01         4.2300000000000000E+02        -4.1972149000081636E+03                 302                 2606                    0                -2209                -6722                 4116
                  56              8796329         5.5000000000000000E+01         4.2300000000000000E+02        -4.2084441000082988E+03                 297                 2617                    0                -2238                -6796                 4179
                  57              8934156         5.6000000000000000E+01         4.2300000000000000E+02        -4.2233268000083126E+03                 298                 2626                    0                -2270                -6868                 4242
                  58              9031054         5.7000000000000000E+01         4.2300000000000000E+02        -4.2283341000082337E+03                 302                 2628                    2                -2300                -6922                 4294
                  59              9128519         5.8000000000000000E+01         4.2300000000000000E+02        -4.2154026000082849E+03                 298                 2622                    0                -2324                -6972                 4350
                  60              9259142         5.9000000000000000E+01         4.2300000000000000E+02        -4.2290696000082025E+03                 297                 2633                    0                -2358                -7052                 4419
                  61              9375918         6.0000000000000000E+01         4.2300000000000000E+02        -4.2193845000081883E+03                 288                 2630                    0                -2381                -7104                 4474
                  62              9464527         6.1000000000000000E+01         4.2300000000000000E+02        -4.2377982000082475E+03                 285                 2647                    0                -2402                -7166                 4519
                  63              9571389         6.2000000000000000E+01         4.2300000000000000E+02        -4.2241810000081614E+03                 286                 2638                    0                -2430                -7212                 4574
                  64              9649246         6.3000000000000000E+01         4.2300000000000000E+02        -4.2202148000081361E+03                 288                 2636                    1                -2458                -7262                 4626
                  65              9749835         6.4000000000000000E+01         4.2300000000000000E+02        -4.2201832000080904E+03                 287                 2634                    1                -2480                -7305                 4671
                  66              9820894         6.5000000000000000E+01         4.2300000000000000E+02        -4.2082047000080356E+03                 285                 2626                    0                -2503                -7347                 4721
                  67              9912723         6.6000000000000000E+01         4.2300000000000000E+02        -4.2088111000080071E+03                 301                 2618                    0                -2533                -7383                 4765
                  68             10000846         6.7000000000000000E+01         4.2300000000000000E+02        -4.1954110000080300E+03                 311                 2600                    0                -2564                -7417                 4817
                  69             10102341         6.8000000000000000E+01         4.2300000000000000E+02        -4.2236995000081351E+03                 309                 2620                    0                -2592                -7495                 4875
                  70             10221649         6.9000000000000000E+01         4.2300000000000000E+02        -4.2034465000082018E+03                 292                 2618                    0                -2613                -7552                 4934
                  71             10273893         7.0000000000000000E+01         4.2300000000000000E+02        -4.2164777000081895E+03                 297                 2626                    0                -2634                -7597                 4971
                  72             10362949         7.1000000000000000E+01         4.2300000000000000E+02        -4.2382315000083263E+03                 292                 2643                    0                -2653                -7657                 5014
                  73             10460586         7.2000000000000000E+01         4.2300000000000000E+02        -4.2313767000081143E+03                 291                 2639                    0                -2678                -7704                 5065
                  74             10556208         7.3000000000000000E+01         4.2300000000000000E+02        -4.2164117000081478E+03                 301                 2622                    0                -2716                -7753                 5131
                  75             10668921         7.4000000000000000E+01         4.2300000000000000E+02        -4.2369740000081592E+03                 300                 2639                    0                -2739                -7817                 5178
                  76             10718111         7.5000000000000000E+01         4.2300000000000000E+02        -4.2054415000080953E+03                 296                 2618                    0                -2766                -7854                 5236
                  77             10808435         7.6000000000000000E+01         4.2300000000000000E+02        -4.2182987000081575E+03                 293                 2630                    0                -2793                -7923                 5293
                  78             10884922         7.7000000000000000E+01         4.2300000000000000E+02        -4.2109167000080888E+03                 289                 2626                    0                -2814                -7965                 5339
                  79             10953375         7.8000000000000000E+01         4.2300000000000000E+02        -4.2123908000081301E+03                 290                 2627                    0                -2831                -7999                 5372
                  80             11027692         7.9000000000000000E+01         4.2300000000000000E+02        -4.2171646000081573E+03                 289                 2629                    0                -2853                -8046                 5417
                  81             11130561         8.0000000000000000E+01         4.2300000000000000E+02        -4.2303825000082516E+03                 284                 2642                    1                -2878                -8112                 5470
                  82             11192838         8.1000000000000000E+01         4.2300000000000000E+02        -4.1993150000080741E+03                 281                 2619                    0                -2897                -8132                 5513
                  83             11300635         8.2000000000000000E+01         4.2300000000000000E+02        -4.2442077000081281E+03                 277                 2659                    0                -2926                -8234                 5575
                  84             11385615         8.3000000000000000E+01         4.2300000000000000E+02        -4.2176434000081535E+03                 295                 2628                    0                -2955                -8243                 5615
                  85             11479879         8.4000000000000000E+01         4.2300000000000000E+02        -4.2201312000081152E+03                 284                 2637                    0                -2975                -8303                 5666
                  86             11576713         8.5000000000000000E+01         4.2300000000000000E+02        -4.2393575000081801E+03                 278                 2654                    0                -3001                -8378                 5724
                  87             11684951         8.6000000000000000E+01         4.2300000000000000E+02        -4.2300413000081908E+03                 292                 2639                    0                -3039                -8425                 5786
                  88             11819701         8.7000000000000000E+01         4.2300000000000000E+02        -4.2034639000080388E+03                 301                 2611                    1                -3080                -8468                 5857
                  89             11920324         8.8000000000000000E+01         4.2300000000000000E+02        -4.2191968000080078E+03                 292                 2633                    0                -3101                -8543                 5910
                  90             12032161         8.9000000000000000E+01         4.2300000000000000E+02        -4.2152830000080639E+03                 295                 2627                    0                -3129                -8590                 5963
                  91             12122129         9.0000000000000000E+01         4.2300000000000000E+02        -4.2214632000080737E+03                 296                 2627                    1                -3154                -8637                 6010
                  92             12210437         9.1000000000000000E+01         4.2300000000000000E+02        -4.2189599000080098E+03                 284                 2635                    0                -3177                -8705                 6070
                  93             12321486         9.2000000000000000E+01         4.2300000000000000E+02        -4.2303026000080490E+03                 285                 2645                    0                -3207                -8774                 6129
                  94             12412699         9.3000000000000000E+01         4.2300000000000000E+02        -4.2272535000081125E+03                 273                 2650                    1                -3230                -8835                 6185
                  95             12492536         9.4000000000000000E+01         4.2300000000000000E+02        -4.2364028000081025E+03                 273                 2655                    1                -3251                -8882                 6227
                  96             12593613         9.5000000000000000E+01         4.2300000000000000E+02        -4.2289593000080977E+03                 268                 2652                    2                -3279                -8938                 6286
                  97             12654503         9.6000000000000000E+01         4.2300000000000000E+02        -4.2145266000080546E+03                 263                 2647                    0                -3294                -8972                 6325
                  98             12743467         9.7000000000000000E+01         4.2300000000000000E+02        -4.2248384000082024E+03                 275                 2646                    0                -3322                -9015                 6369
                  99             12833033         9.8000000000000000E+01         4.2300000000000000E+02        -4.2296320000083224E+03                 276                 2647                    0                -3348                -9067                 6420
                 100             12936479         9.9000000000000000E+01         4.2300000000000000E+02        -4.2481826000082765E+03                 272                 2664                    0                -3375                -9142                 6478
                 101             13030291         1.0000000000000000E+02         4.2300000000000000E+02        -4.2419293000084126E+03                 279                 2654                    0                -3402                -9179                 6525
                 102             13121165         1.0100000000000000E+02         4.2300000000000000E+02        -4.2389928000081491E+03                 281                 2651                    0                -3424                -9218                 6567
                 103             13201387         1.0200000000000000E+02         4.2300000000000000E+02        -4.2122548000081933E+03                 289                 2625                    0                -3451                -9238                 6613
                 104             13284792         1.0300000000000000E+02         4.2300000000000000E+02        -4.2194867000082259E+03                 288                 2631                    0                -3474                -9291                 6660
                 105             13381663         1.0400000000000000E+02         4.2300000000000000E+02        -4.2210097000081014E+03                 290                 2632                    0                -3501                -9344                 6712
                 106             13472088         1.0500000000000000E+02         4.2300000000000000E+02        -4.2149137000081973E+03                 294                 2625                    1                -3527                -9383                 6758
                 107             13565967         1.0600000000000000E+02         4.2300000000000000E+02        -4.2274360000081824E+03                 288                 2639                    0                -3549                -9449                 6810
                 108             13663678         1.0700000000000000E+02         4.2300000000000000E+02        -4.2158770000081195E+03                 299                 2621                    1                -3580                -9480                 6859
                 109             13749495         1.0800000000000000E+02         4.2300000000000000E+02        -4.1994372000081212E+03                 299                 2610                    0                -3602                -9515                 6905
                 110             13844175         1.0900000000000000E+02         4.2300000000000000E+02        -4.2146416000080853E+03                 310                 2612                    1                -3633                -9566                 6954
                 111             13948791         1.1000000000000000E+02         4.2300000000000000E+02        -4.2117400000081470E+03                 315                 2608                    0                -3666                -9625                 7017
                 112             14034582         1.1100000000000000E+02         4.2300000000000000E+02        -4.2121927000082151E+03                 316                 2607                    0                -3685                -9661                 7054
                 113             14126246         1.1200000000000000E+02         4.2300000000000000E+02        -4.2080006000081266E+03                 318                 2601                    0                -3712                -9707                 7106
                 114             14221086         1.1300000000000000E+02         4.2300000000000000E+02        -4.2121650000081108E+03                 321                 2605                    0                -3740                -9764                 7159
                 115             14301664         1.1400000000000000E+02         4.2300000000000000E+02        -4.2043183000081626E+03                 320                 2600                    0                -3761                -9802                 7202
                 116             14424903         1.1500000000000000E+02         4.2300000000000000E+02        -4.2079870000081282E+03                 323                 2599                    0                -3799                -9874                 7275
                 117             14542871         1.1600000000000000E+02         4.2300000000000000E+02        -4.2126879000081963E+03                 324                 2602                    1                -3830                -9936                 7334
                 118             14639047         1.1700000000000000E+02         4.2300000000000000E+02        -4.2350927000082002E+03                 326                 2615                    0                -3852                -9993                 7378
                 119             14745819         1.1800000000000000E+02         4.2300000000000000E+02        -4.2033161000082000E+03                 321                 2600                    0                -3880               -10039                 7439
                 120             14853250         1.1900000000000000E+02         4.2300000000000000E+02        -4.2120679000080881E+03                 314                 2607                    0                -3903               -10099                 7492
                 121             14962803         1.2000000000000000E+02         4.2300000000000000E+02        -4.2206330000081834E+03                 313                 2618                    0                -3934               -10173                 7555
                 122             15076990         1.2100000000000000E+02         4.2300000000000000E+02        -4.2020966000081189E+03                 320                 2598                    0                -3967               -10212                 7614
                 123             15160008         1.2200000000000000E+02         4.2300000000000000E+02        -4.2219381000082003E+03                 327                 2608                    0                -3996               -10273                 7665
                 124             15260006         1.2300000000000000E+02         4.2300000000000000E+02        -4.2155017000081889E+03                 327                 2602                    1                -4022               -10317                 7715
                 125             15371654         1.2400000000000000E+02         4.2300000000000000E+02        -4.1953046000082131E+03                 337                 2581                    0                -4055               -10354                 7773
                 126             15475810         1.2500000000000000E+02         4.2300000000000000E+02        -4.2113197000082455E+03                 333                 2595                    0                -4084               -10430                 7835
                 127             15586302         1.2600000000000000E+02         4.2300000000000000E+02        -4.2016990000082451E+03                 345                 2582                    0                -4117               -10471                 7889
                 128             15673609         1.2700000000000000E+02         4.2300000000000000E+02        -4.1911640000081952E+03                 357                 2564                    0                -4152               -10511                 7947
                 129             15791067         1.2800000000000000E+02         4.2300000000000000E+02        -4.1980436000082473E+03                 365                 2566                    0                -4190               -10581                 8015
                 130             15923366         1.2900000000000000E+02         4.2300000000000000E+02        -4.2244145000082090E+03                 346                 2597                    0                -4213               -10677                 8080
                 131             16039145         1.3000000000000000E+02         4.2300000000000000E+02        -4.2037889000082578E+03                 351                 2578                    0                -4244               -10715                 8137
                 132             16136661         1.3100000000000000E+02         4.2300000000000000E+02        -4.2218426000081918E+03                 332                 2605                    0                -4265               -10803                 8198
                 133             16252189         1.3200000000000000E+02         4.2300000000000000E+02        -4.1964281000081101E+03                 329                 2588                    0                -4296               -10851                 8263
                 134             16349200         1.3300000000000000E+02         4.2300000000000000E+02        -4.2173117000081002E+03                 329                 2603                    0                -4325               -10924                 8321
                 135             16464882         1.3400000000000000E+02         4.2300000000000000E+02        -4.1965219000082543E+03                 341                 2579                    0                -4366               -10970                 8391
                 136             16584812         1.3500000000000000E+02         4.2300000000000000E+02        -4.2045431000081735E+03                 334                 2589                    0                -4397               -11049                 8460
                 137             16704726         1.3600000000000000E+02         4.2300000000000000E+02        -4.2260436000081700E+03                 325                 2611                    1                -4420               -11124                 8513
                 138             16794880         1.3700000000000000E+02         4.2300000000000000E+02        -4.1946053000081256E+03                 313                 2594                    0                -4440               -11161                 8567
                 139             16874390         1.3800000000000000E+02         4.2300000000000000E+02        -4.1916787000081431E+03                 316                 2593                    2                -4468               -11209                 8616
                 140             16987253         1.3900000000000000E+02         4.2300000000000000E+02        -4.2343640000080677E+03                 319                 2625                    0                -4494               -11294                 8669
                 141             17053548         1.4000000000000000E+02         4.2300000000000000E+02        -4.2170877000080081E+03                 316                 2610                    0                -4514               -11322                 8712
                 142             17148210         1.4100000000000000E+02         4.2300000000000000E+02        -4.2366323000079792E+03                 300                 2640                    0                -4532               -11404                 8764
                 143             17249832         1.4200000000000000E+02         4.2300000000000000E+02        -4.2186321000081098E+03                 311                 2618                    1                -4565               -11435                 8817
                 144             17328490         1.4300000000000000E+02         4.2300000000000000E+02        -4.2024722000080947E+03                 301                 2611                    0                -4585               -11480                 8869
                 145             17432248         1.4400000000000000E+02         4.2300000000000000E+02        -4.2185598000079790E+03                 286                 2634                    0                -4604               -11556                 8922
                 146             17523702         1.4500000000000000E+02         4.2300000000000000E+02        -4.2125726000079740E+03                 284                 2634                    0                -4625               -11600                 8966
                 147             17601212         1.4600000000000000E+02         4.2300000000000000E+02        -4.2313473000080885E+03                 292                 2640                    0                -4653               -11654                 9014
                 148             17697502         1.4700000000000000E+02         4.2300000000000000E+02        -4.2343369000080484E+03                 284                 2646                    0                -4674               -11710                 9064
                 149             17790372         1.4800000000000000E+02         4.2300000000000000E+02        -4.2100202000081626E+03                 297                 2619                    0                -4702               -11726                 9107
                 150             17906459         1.4900000000000000E+02         4.2300000000000000E+02        -4.2182350000082124E+03                 300                 2624                    0                -4736               -11796                 9172
                 151             18004549         1.5000000000000000E+02         4.2300000000000000E+02        -4.2199592000081102E+03                 299                 2626                    1                -4762               -11849                 9223
                 152             18084449         1.5100000000000000E+02         4.2300000000000000E+02        -4.2343170000080190E+03                 311                 2630                    0                -4787               -11893                 9263
                 153             18160817         1.5200000000000000E+02         4.2300000000000000E+02        -4.2109520000080802E+03                 315                 2608                    0                -4814               -11921                 9313
                 154             18246608         1.5300000000000000E+02         4.2300000000000000E+02        -4.2179960000080609E+03                 320                 2611                    1                -4844               -11977                 9366
                 155             18360625         1.5400000000000000E+02         4.2300000000000000E+02        -4.2021826000080164E+03                 305                 2606                    0                -4865               -12031                 9425
                 156             18449383         1.5500000000000000E+02         4.2300000000000000E+02        -4.2006028000079841E+03                 319                 2599                    0                -4898               -12076                 9477
                 157             18558700         1.5600000000000000E+02         4.2300000000000000E+02        -4.2209718000081093E+03                 337                 2599                    0                -4936               -12134                 9535
                 158             18677968         1.5700000000000000E+02         4.2300000000000000E+02        -4.2025452000079868E+03                 334                 2589                    0                -4966               -12187                 9598
                 159             18775819         1.5800000000000000E+02         4.2300000000000000E+02        -4.1961216000081149E+03                 336                 2582                    0                -4996               -12238                 9656
                 160             18903135         1.5900000000000000E+02         4.2300000000000000E+02        -4.2243295000081735E+03                 327                 2613                    0                -5024               -12334                 9721
                 161             19001864         1.6000000000000000E+02         4.2300000000000000E+02        -4.2150731000080632E+03                 331                 2600                    1                -5054               -12375                 9775
                 162             19093911         1.6100000000000000E+02         4.2300000000000000E+02        -4.2002132000080428E+03                 343                 2580                    0                -5080               -12397                 9817
                 163             19188612         1.6200000000000000E+02         4.2300000000000000E+02        -4.2048869000081222E+03                 335                 2590                    0                -5103               -12461                 9871
                 164             19271472         1.6300000000000000E+02         4.2300000000000000E+02        -4.1888833000080886E+03                 347                 2572                    0                -5133               -12491                 9919
                 165             19369879         1.6400000000000000E+02         4.2300000000000000E+02        -4.2188047000080360E+03                 338                 2600                    0                -5156               -12574                 9974
                 166             19474508         1.6500000000000000E+02         4.2300000000000000E+02        -4.2123750000079890E+03                 326                 2600                    0                -5174               -12622                10022
                 167             19549686         1.6600000000000000E+02         4.2300000000000000E+02        -4.2005369000080009E+03                 329                 2590                    0                -5203               -12667                10077
                 168             19665373         1.6700000000000000E+02         4.2300000000000000E+02        -4.1994288000080360E+03                 325                 2594                    0                -5229               -12727                10133
                 169             19770921         1.6800000000000000E+02         4.2300000000000000E+02        -4.1951658000080015E+03                 329                 2583                    0                -5256               -12766                10183
                 170             19843507         1.6900000000000000E+02         4.2300000000000000E+02        -4.2200267000081476E+03                 322                 2609                    0                -5276               -12839                10230
                 171             19966946         1.7000000000000000E+02         4.2300000000000000E+02        -4.2092157000081161E+03                 321                 2602                    1                -5311               -12901                10299
                 172             20100686         1.7100000000000000E+02         4.2300000000000000E+02        -4.2262468000081926E+03                 315                 2621                    0                -5346               -12998                10377
                 173             20222302         1.7200000000000000E+02         4.2300000000000000E+02        -4.2003487000082096E+03                 317                 2596                    0                -5374               -13027                10431
                 174             20317276         1.7300000000000000E+02         4.2300000000000000E+02        -4.2146986000081506E+03                 310                 2616                    0                -5399               -13104                10488
                 175             20437152         1.7400000000000000E+02         4.2300000000000000E+02        -4.2342264000081477E+03                 309                 2628                    0                -5428               -13175                10547
                 176             20513054         1.7500000000000000E+02         4.2300000000000000E+02        -4.2128999000081067E+03                 310                 2613                    0                -5453               -13209                10596
                 177             20556784         1.7600000000000000E+02         4.2300000000000000E+02        -4.1840052000081005E+03                 309                 2592                    0                -5469               -13221                10629
                 178             20645603         1.7700000000000000E+02         4.2300000000000000E+02        -4.2045922000080063E+03                 317                 2603                    0                -5499               -13284                10681
                 179             20766125         1.7800000000000000E+02         4.2300000000000000E+02        -4.2274072000080196E+03                 324                 2616                    0                -5534               -13360                10744
                 180             20862652         1.7900000000000000E+02         4.2300000000000000E+02        -4.2145880000080169E+03                 309                 2616                    0                -5553               -13413                10797
                 181             20947699         1.8000000000000000E+02         4.2300000000000000E+02        -4.2142069000079828E+03                 312                 2613                    0                -5580               -13461                10848
                 182             21035742         1.8100000000000000E+02         4.2300000000000000E+02        -4.2032749000079921E+03                 304                 2611                    1                -5603               -13511                10900
                 183             21171100         1.8200000000000000E+02         4.2300000000000000E+02        -4.2255815000080283E+03                 289                 2636                    1                -5630               -13605                10969
                 184             21285196         1.8300000000000000E+02         4.2300000000000000E+02        -4.1872559000080537E+03                 299                 2604                    0                -5669               -13643                11039
                 185             21404020         1.8400000000000000E+02         4.2300000000000000E+02        -4.2137807000080302E+03                 289                 2631                    0                -5692               -13726                11095
                 186             21511446         1.8500000000000000E+02         4.2300000000000000E+02        -4.2189267000081236E+03                 281                 2637                    0                -5716               -13788                11151
                 187             21611184         1.8600000000000000E+02         4.2300000000000000E+02        -4.2133525000081418E+03                 297                 2622                    0                -5751               -13827                11205
                 188             21723756         1.8700000000000000E+02         4.2300000000000000E+02        -4.2074164000080991E+03                 302                 2616                    0                -5780               -13874                11258
                 189             21853151         1.8800000000000000E+02         4.2300000000000000E+02        -4.2093765000080584E+03                 300                 2621                    1                -5813               -13945                11324
                 190             21971363         1.8900000000000000E+02         4.2300000000000000E+02        -4.2100201000080215E+03                 292                 2625                    0                -5840               -14013                11388
                 191             22055007         1.9000000000000000E+02         4.2300000000000000E+02        -4.2041742000080958E+03                 293                 2617                    0                -5862               -14048                11431
                 192             22148377         1.9100000000000000E+02         4.2300000000000000E+02        -4.2065279000080391E+03                 294                 2620                    1                -5893               -14110                11490
                 193             22265595         1.9200000000000000E+02         4.2300000000000000E+02        -4.2072402000081684E+03                 311                 2608                    0                -5927               -14151                11543
                 194             22369810         1.9300000000000000E+02         4.2300000000000000E+02        -4.2116968000081779E+03                 304                 2614                    1                -5953               -14214                11600
                 195             22443245         1.9400000000000000E+02         4.2300000000000000E+02        -4.2047696000081860E+03                 310                 2608                    0                -5978               -14254                11646
                 196             22547059         1.9500000000000000E+02         4.2300000000000000E+02        -4.2310379000081775E+03                 306                 2631                    0                -5999               -14323                11692
                 197             22633282         1.9600000000000000E+02         4.2300000000000000E+02        -4.2086036000081276E+03                 308                 2613                    0                -6031               -14367                11754
                 198             22753884         1.9700000000000000E+02         4.2300000000000000E+02        -4.2321800000081603E+03                 323                 2619                    0                -6067               -14430                11811
                 199             22843951         1.9800000000000000E+02         4.2300000000000000E+02        -4.2420454000081545E+03                 318                 2629                    0                -6091               -14493                11864
                 200             22932556         1.9900000000000000E+02         4.2300000000000000E+02        -4.2183711000081130E+03                 306                 2621                    0                -6109               -14533                11912
                 201             23031472         2.0000000000000000E+02         4.2300000000000000E+02        -4.2186736000080637E+03                 315                 2614                    0                -6140               -14579                11965
                 202             23106923         2.0100000000000000E+02         4.2300000000000000E+02        -4.1969685000081918E+03                 312                 2597                    1                -6163               -14609                12012
                 203             23197020         2.0200000000000000E+02         4.2300000000000000E+02        -4.2085355000081427E+03                 311                 2610                    0                -6190               -14679                12069
                 204             23321066         2.0300000000000000E+02         4.2300000000000000E+02        -4.1986870000080135E+03                 315                 2601                    0                -6228               -14742                12141
                 205             23429144         2.0400000000000000E+02         4.2300000000000000E+02        -4.2294878000081198E+03                 323                 2617                    0                -6260               -14814                12197
                 206             23545788         2.0500000000000000E+02         4.2300000000000000E+02        -4.2036823000080749E+03                 322                 2596                    0                -6293               -14860                12264
                 207             23665407         2.0600000000000000E+02         4.2300000000000000E+02        -4.2070824000081466E+03                 317                 2602                    1                -6320               -14923                12321
                 208             23762245         2.0700000000000000E+02         4.2300000000000000E+02        -4.2044604000081026E+03                 316                 2601                    0                -6343               -14971                12370
                 209             23865182         2.0800000000000000E+02         4.2300000000000000E+02        -4.2223324000080993E+03                 317                 2616                    0                -6377               -15053                12437
                 210             23973393         2.0900000000000000E+02         4.2300000000000000E+02        -4.2115342000080573E+03                 312                 2610                    0                -6402               -15102                12492
                 211             24078917         2.1000000000000000E+02         4.2300000000000000E+02        -4.2143839000080370E+03                 301                 2620                    1                -6425               -15167                12547
                 212             24181454         2.1100000000000000E+02         4.2300000000000000E+02        -4.2100000000080090E+03                 314                 2608                    0                -6455               -15204                12596
                 213             24283598         2.1200000000000000E+02         4.2300000000000000E+02        -4.2161371000080790E+03                 301                 2621                    0                -6480               -15280                12659
                 214             24392894         2.1300000000000000E+02         4.2300000000000000E+02        -4.2303622000080641E+03                 303                 2634                    0                -6511               -15353                12719
                 215             24504254         2.1400000000000000E+02         4.2300000000000000E+02        -4.2157092000080565E+03                 299                 2625                    0                -6539               -15404                12779
                 216             24624062         2.1500000000000000E+02         4.2300000000000000E+02        -4.2325246000080779E+03                 296                 2638                    0                -6565               -15472                12834
                 217             24742216         2.1600000000000000E+02         4.2300000000000000E+02        -4.2247550000080510E+03                 301                 2628                    0                -6594               -15515                12887
