0.005 3397.3106666666667
0.01 3481.46
0.125 3852.548
0.25 4007.808
0.5 4156.588
0.5e-3 3233.528
1.0 4321.402666666667
1.5 4420.114666666666
10.5 4811.746666666667
12.0 4819.2373333333335
14.0 4868.809333333334
16.0 4903.473333333333
18.0 4937.2733333333335
2.0 4466.213333333333
2.5 4516.029333333333
2e-3 3318.5
3.5 4603.765333333334
4.5 4661.842666666666
6.0 4689.466666666666
7.5 4768.394666666667
9.0 4779.721333333333
1e-10 854.0613333333333
1e-4 3141.0266666666666
1e-5 3010.8106666666667
1e-6 2865.184
1e-7 2640.112
1e-8 2248.9373333333333
1e-9 1679.5813333333333